# Djibouti 38
# les lignes qui commencent par un # sont à ignorer

# ligne détaillant le nombre de noeuds
NB_NODES=38
TSP_VERSION=0

#section détaillant la amtrice des distances jusqu'à une ligne contenant 'END_NODES_DIST_SECTION'
NODES_DIST_SECTION
0.0 290.99301545433866 9901.312787103623 9866.652299446498 9855.360979769424 9735.108799080372 9728.542928187153 9627.324146982912 9621.69851987401 437.07375847296123 1237.9197337359349 1186.9678817276742 903.3931728506114 507.7926916725464 903.1807647058093 1178.8418412907574 1197.2193112261596 1201.2191072966534 1205.3779366004712 901.7446864102617 760.410092131903 1032.2892417783694 943.2215951621602 1105.6400293858078 998.6000054737141 1011.2552138704898 1527.0919609740627 1338.9847283010597 1058.8192781887758 1205.6363263392866 1793.625572849654 1337.936789400792 1714.40563803204 1740.6001775427158 1498.45358451041 1852.3537304910717 1624.7519408767353 1858.0926127166258
290.99301545433866 0.0 9988.405991741834 9958.536208359945 9941.032011006917 9822.818737472182 9814.070377344415 9711.086897427225 9704.957864164897 457.1591933470562 946.943476952674 896.4363964995716 622.3517788385158 483.5144322280772 624.6199589538123 891.1774809552447 909.7854729088903 914.280176659268 918.5921241696027 660.6734089193326 811.1249979785335 779.0349148659847 717.716993646619 847.6701843695707 774.5111184235717 792.0314758756632 1253.1373597771085 1082.8933889137445 966.3203521926514 1045.9776376348116 1533.6684373676678 1192.8709686024595 1472.3686583776635 1496.3307422978671 1308.4432335370493 1598.9455109791097 1412.8875236834144 1649.1890251679974
9901.312787103623 9988.405991741834 0.0 174.78753642319424 68.96557112066861 167.35278721577959 182.2396337887568 299.63989313100484 312.2820844550822 10338.260073873322 10334.29448739744 10356.608605989728 10369.767317432805 10407.28454542215 10388.981606109735 10439.12507282573 10453.338416285435 10464.952492797383 10469.999802018994 10559.100815229147 10634.435713622648 10618.017789833282 10639.515605215467 10651.944590548876 10691.550962360563 10715.979322682575 10837.282188594821 10840.629935676714 10946.785295378606 11023.67633103549 11163.49764227863 11175.831129669456 11225.76084649461 11234.09592052496 11240.798170827176 11262.282799508223 11288.337586760632 11511.999238268254
9866.652299446498 9958.536208359945 174.78753642319424 0.0 222.53897723520097 199.758534931 266.30429262708134 376.01162075719037 393.2809007111863 10303.358444952444 10319.4307321841 10340.624930935755 10348.207324256222 10373.278288479229 10367.197050251074 10422.246088604516 10436.67391940555 10448.2491390223 10453.325992591492 10534.753974227693 10596.303954872341 10595.768226979306 10614.617233997258 10630.83511560929 10667.015389162212 10691.237289165112 10822.670747939652 10821.767425409793 10914.748634883506 10996.12249922868 11149.670615100456 11147.66278121911 11208.792858980989 11217.631986871778 11216.944555030279 11248.056691034606 11267.320513291832 11492.127108189232
9855.360979769424 9941.032011006917 68.96557112066861 222.53897723520097 0.0 139.4060091563129 127.0040535709786 238.6304162414339 249.69694185474245 10292.356176286517 10282.74094270361 10305.350255675956 10320.017490789322 10361.1085081367 10339.292800650654 10388.101282385476 10402.256700297723 10413.880599373424 10418.919790351481 10510.117262579559 10589.49728769845 10568.446536777108 10590.683337685225 10602.057220446579 10642.614100386854 10667.099388571407 10785.639556221717 10790.121177785268 10899.997290578438 10975.580925624488 11111.63584404477 11127.905396744209 11174.726397128987 11182.926751461602 11191.64543466561 11210.521500831206 11238.396894760963 11461.736497664255
9735.108799080372 9822.818737472182 167.35278721577959 199.758534931 139.4060091563129 0.0 77.17623802732479 176.35391231523616 193.82167093351939 10172.034845690026 10171.457442305084 10193.525332593948 10205.555785246172 10241.164601657107 10224.728542813058 10275.851282119984 10290.11067998191 10301.71672509574 10306.77046319015 10394.391875441626 10467.87513080194 10453.683435831908 10474.71395013802 10487.82394411329 10526.812092763206 10551.205636812727 10674.513553146515 10676.953663703154 10780.918551450344 10858.450530811486 11000.91430106192 11010.513441706522 11062.485167021932 11070.928176803625 11076.187365689702 11099.610505483159 11124.246828078123 11348.134483253183
9728.542928187153 9814.070377344415 182.2396337887568 266.30429262708134 127.0040535709786 77.17623802732479 0.0 119.25859124784168 133.88372790884787 10165.543752168553 10155.98154645549 10178.542513608993 10193.047628885504 10234.260502382353 10212.319260515282 10261.259201880286 10275.4228175181 10287.045328369963 10292.085683954647 10383.116498276908 10462.837233201573 10441.466611467418 10463.680339631941 10475.09665826526 10515.612532201292 10540.096974237049 10658.896573048181 10663.215971884923 10773.081722601277 10848.584530861477 10984.934246608898 11000.914519107766 11047.886680703261 11056.10652803226 11064.64886252972 11083.800844440324 11111.44057887224 11334.807170248467
9627.324146982912 9711.086897427225 299.63989313100484 376.01162075719037 238.6304162414339 176.35391231523616 119.25859124784168 0.0 18.419453115936168 10064.36700498838 10048.057705013025 10070.953001781232 10087.201755349373 10132.741375159252 10106.544552151514 10153.935500936219 10168.03262900176 10179.666114465945 10184.697093570225 10278.171247897108 10362.864055401305 10335.824326933705 10358.91313860129 10369.082657476813 10410.719286711945 10435.270880180093 10550.862731154288 10556.475574177968 10670.785431737106 10744.690990670983 10876.648689542868 10897.221834893924 10940.535368218822 10948.601602036268 10959.485580639019 10975.626367503733 11005.350059158376 11228.337753019763
9621.69851987401 9704.957864164897 312.2820844550822 393.2809007111863 249.69694185474245 193.82167093351939 133.88372790884787 18.419453115936168 0.0 10058.749947452852 10040.397688447048 10063.403250917665 10080.20963900994 10127.027876704162 10099.574491207264 10146.47221134634 10160.547586319559 10172.18458772333 10177.212479687945 10271.455449493616 10357.577112340523 10328.894056031768 10352.250935308648 10362.036349752821 10404.018525907772 10428.590371150509 10543.163468881707 10549.198330858027 10664.848124369339 10738.28838371149 10868.863653172446 10890.877775717781 10933.058997381957 10941.07502932114 10952.699436261657 10967.878106036016 10998.276377566881 11221.143449961928
437.07375847296123 457.1591933470562 10338.260073873322 10303.358444952444 10292.356176286517 10172.034845690026 10165.543752168553 10064.36700498838 10058.749947452852 0.0 1195.7725623479646 1130.986271188687 800.6757875748842 88.05955416790452 789.1934355505348 1087.3778318153588 1102.3558047077395 1102.0262979822473 1104.6716444544677 678.097682636909 354.8187826809731 819.277372045442 681.0885744549635 897.0323596465715 726.4522349222049 728.679780561238 1340.3151747528852 1106.6497362130938 635.244936662671 826.0220491706339 1551.0675087173925 940.1750163837056 1431.7729164881187 1461.8219286494034 1140.6667326476831 1591.0193234387693 1292.1870859558705 1515.0260962874872
1237.9197337359349 946.943476952674 10334.29448739744 10319.4307321841 10282.74094270361 10171.457442305084 10155.98154645549 10048.057705013025 10040.397688447048 1195.7725623479646 0.0 69.96477879341072 399.7068814522086 1147.4909007116623 415.3536434157917 158.80142137934564 159.69202342534444 169.97934202734984 172.78137259569013 610.8408599000742 1439.3845692037048 525.5817439329136 675.7106059138437 490.66642736634446 682.8153983894781 706.8199696964813 503.3641259099513 559.8794191333883 1214.2459126328934 1036.7537793814574 832.2042511077011 1172.6993967438834 899.8992361459427 904.4618677512339 1060.3009539428442 929.1760077524162 1024.8291374000848 1216.421866016664
1186.9678817276742 896.4363964995716 10356.608605989728 10340.624930935755 10305.350255675956 10193.525332593948 10178.542513608993 10070.953001781232 10063.403250917665 1130.986271188687 69.96477879341072 0.0 332.40537704940243 1081.1419803974761 347.21923726717307 97.94482807014157 104.62299360145383 116.24155559402936 120.3453898751415 540.9073937193361 1370.594405234636 457.6931414748176 606.2912289862653 426.03731449918536 614.422634850023 638.7327863206939 488.5530079280657 513.4326017533443 1145.197336345507 971.8302011865426 818.8773670831317 1109.8054578323931 870.8237292966819 877.7798537774383 1006.7673820509526 913.1032058552911 980.4965053985497 1179.007963600997
903.3931728506114 622.3517788385158 10369.767317432805 10348.207324256222 10320.017490789322 10205.555785246172 10193.047628885504 10087.201755349373 10080.20963900994 800.6757875748842 399.7068814522086 332.40537704940243 0.0 748.9352631784059 23.348192887675538 289.1144856430563 305.4597916095145 306.8755657659923 310.2569771402378 252.16255281704824 1041.1412545885325 251.393909305318 335.7859075786257 283.72532620194465 367.7296222249857 395.1913991198213 633.2983208353206 500.08400933132174 862.3031400210344 748.6885513604996 929.9244743194348 901.7524814335776 904.3769679511402 922.7998258888542 881.5445086415386 1005.3036898045104 919.493694494992 1148.0305369508294
507.7926916725464 483.5144322280772 10407.28454542215 10373.278288479229 10361.1085081367 10241.164601657107 10234.260502382353 10132.741375159252 10127.027876704162 88.05955416790452 1147.4909007116623 1081.1419803974761 748.9352631784059 0.0 735.6352723796917 1031.9121989070084 1046.0880100328911 1045.0169041370111 1047.3662468718494 607.3080203337792 338.8917258715504 747.5355003296454 603.866099498442 824.8548300297838 647.0734666296048 647.8412035129767 1267.380598430394 1029.0894358906503 554.1650269371486 738.1316072513505 1470.341381438047 853.6979019152914 1347.436953883691 1377.7579703504562 1052.6233120367465 1508.281778402738 1204.7363834307205 1427.118326816165
903.1807647058093 624.6199589538123 10388.981606109735 10367.197050251074 10339.292800650654 10224.728542813058 10212.319260515282 10106.544552151514 10099.574491207264 789.1934355505348 415.3536434157917 347.21923726717307 23.348192887675538 735.6352723796917 0.0 298.4814404450145 314.0586238818635 314.64372699655013 317.72258160886173 229.01374996460245 1024.2977523318582 230.53498333921027 312.46052661313854 266.46669339968145 344.48478715358283 371.9494642263655 628.9563540667978 486.9991046649369 839.7818718623611 725.4153354211644 921.1929808342438 878.5791581958061 890.9448970747062 909.9622015009751 860.5170348526576 995.0348002723753 901.040825571011 1130.4393089485384
1178.8418412907574 891.1774809552447 10439.12507282573 10422.246088604516 10388.101282385476 10275.851282119984 10261.259201880286 10153.935500936219 10146.47221134634 1087.3778318153588 158.80142137934564 97.94482807014157 289.1144856430563 1031.9121989070084 298.4814404450145 0.0 19.2530109878937 27.978486995724783 33.337990045141275 466.0127924911931 1308.76834418264 369.90539399443844 524.6806292144308 331.9640721115019 527.8241186673071 551.0789685183166 422.62462103934377 418.4788423048403 1060.5199003726539 878.0095320603826 750.14571953935 1014.0953388350249 786.6361720745174 795.6229229623855 908.9586122197215 840.8794614554081 885.673422408339 1087.886780987305
1197.2193112261596 909.7854729088903 10453.338416285435 10436.67391940555 10402.256700297723 10290.11067998191 10275.4228175181 10168.03262900176 10160.547586319559 1102.3558047077395 159.69202342534444 104.62299360145383 305.4597916095145 1046.0880100328911 314.0586238818635 19.2530109878937 0.0 11.827619382191655 16.666699999999764 475.5779310546048 1320.5530248888929 375.16256591536387 531.9846114048878 333.61858127449926 533.179193727079 555.9196279450567 404.9011012687537 408.9400086326833 1066.1093343045827 879.0551902714699 733.0222948414121 1013.5197668411712 772.5264189936872 780.9827337328849 903.1070344225324 824.2977876522525 876.0963658450589 1076.2654434561114
1201.2191072966534 914.280176659268 10464.952492797383 10448.2491390223 10413.880599373424 10301.71672509574 10287.045328369963 10179.666114465945 10172.18458772333 1102.0262979822473 169.97934202734984 116.24155559402936 306.8755657659923 1045.0169041370111 314.64372699655013 27.978486995724783 11.827619382191655 0.0 5.36476386805619 471.1799971715355 1317.4972703839405 368.33016209462073 526.1640713107265 325.1099905236374 526.2891883300357 548.7551646147489 394.6785713607464 397.23607309962324 1059.2138579573486 870.0881595463301 722.3872248949039 1003.9188045441184 760.8789353621115 769.4323767766083 891.9731571419238 813.3760406137179 864.3691820564229 1064.4378244487982
1205.3779366004712 918.5921241696027 10469.999802018994 10453.325992591492 10418.919790351481 10306.77046319015 10292.085683954647 10184.697093570225 10177.212479687945 1104.6716444544677 172.78137259569013 120.3453898751415 310.2569771402378 1047.3662468718494 317.72258160886173 33.337990045141275 16.666699999999764 5.36476386805619 0.0 472.0996331075131 1318.984986621188 368.01103955529624 526.3591073252173 323.80185278067785 525.9052502267382 548.212875973121 389.3138135010363 393.08897241536715 1058.788707240614 868.415452817003 717.039547990709 1001.8039523224553 755.8603015320359 764.3374629558468 888.5748281467642 808.0636039704599 860.161681650752 1059.8283459546128
901.7446864102617 660.6734089193326 10559.100815229147 10534.753974227693 10510.117262579559 10394.391875441626 10383.116498276908 10278.171247897108 10271.455449493616 678.097682636909 610.8408599000742 540.9073937193361 252.16255281704824 607.3080203337792 229.01374996460245 466.0127924911931 475.5779310546048 471.1799971715355 472.0996331075131 0.0 850.9311316485309 141.40052757164565 86.95554778235896 219.2904781109511 132.86519056622782 158.55360705026644 662.5240022393209 441.62059586409714 613.5556610125134 504.3110539680161 896.1539830345274 660.0002183688442 814.3914066897609 839.7238138919788 682.6699915374046 951.0765450916417 760.3670252492669 996.5650266023381
760.410092131903 811.1249979785335 10634.435713622648 10596.303954872341 10589.49728769845 10467.87513080194 10462.837233201573 10362.864055401305 10357.577112340523 354.8187826809731 1439.3845692037048 1370.594405234636 1041.1412545885325 338.8917258715504 1024.2977523318582 1308.76834418264 1320.5530248888929 1317.4972703839405 1318.984986621188 850.9311316485309 0.0 978.969135908649 817.6479541765742 1050.6308802187077 844.300524742375 834.8046802237374 1475.3059578262175 1217.4823660395618 496.49430870881935 774.2081807152504 1623.2311841273422 835.4191101248076 1467.2196390359659 1500.0052355546493 1094.389009106489 1641.9051981155164 1273.0370918146118 1468.5452286401403
1032.2892417783694 779.0349148659847 10618.017789833282 10595.768226979306 10568.446536777108 10453.683435831908 10441.466611467418 10335.824326933705 10328.894056031768 819.277372045442 525.5817439329136 457.6931414748176 251.393909305318 747.5355003296454 230.53498333921027 369.90539399443844 375.16256591536387 368.33016209462073 368.01103955529624 141.40052757164565 978.969135908649 0.0 163.62644159453566 77.89328205236947 158.01941107908078 181.28922790483233 521.1548194593323 306.69553790223375 690.94777439274 521.7288055879706 761.523903862728 668.2250332683005 694.7049591395535 717.7972027600352 630.1507136940655 821.3524881950475 675.443439124846 907.9003514078069
943.2215951621602 717.716993646619 10639.515605215467 10614.617233997258 10590.683337685225 10474.71395013802 10463.680339631941 10358.91313860129 10352.250935308648 681.0885744549635 675.7106059138437 606.2912289862653 335.7859075786257 603.866099498442 312.46052661313854 524.6806292144308 531.9846114048878 526.1640713107265 526.3591073252173 86.95554778235896 817.6479541765742 163.62644159453566 0.0 232.983368505136 56.79521008755992 77.14868969075276 667.0738676775452 425.5814323507678 539.6913079211956 417.37052992146016 872.9336150710428 573.0588296292545 772.8774140576876 800.2016156554183 605.4253864682664 919.8482484714774 695.4523102331673 931.8957839887726
1105.6400293858078 847.6701843695707 10651.944590548876 10630.83511560929 10602.057220446579 10487.82394411329 10475.09665826526 10369.082657476813 10362.036349752821 897.0323596465715 490.66642736634446 426.03731449918536 283.72532620194465 824.8548300297838 266.46669339968145 331.9640721115019 333.61858127449926 325.1099905236374 323.80185278067785 219.2904781109511 1050.6308802187077 77.89328205236947 232.983368505136 0.0 214.14231340136712 232.22610602815598 443.31845544515676 235.22320476885437 741.0310957346467 546.0961977957003 688.1970214415345 684.4268899714942 632.0501480582844 653.4553092580556 612.4577177897678 751.2780485386529 636.48589207354 864.30521097356
998.6000054737141 774.5111184235717 10691.550962360563 10667.015389162212 10642.614100386854 10526.812092763206 10515.612532201292 10410.719286711945 10404.018525907772 726.4522349222049 682.8153983894781 614.422634850023 367.7296222249857 647.0734666296048 344.48478715358283 527.8241186673071 533.179193727079 526.2891883300357 525.9052502267382 132.86519056622782 844.300524742375 158.01941107908078 56.79521008755992 214.14231340136712 0.0 27.46762887127465 632.6913759907648 383.1966429561198 532.9385092677225 381.01263902759325 824.9235926046772 534.2980903444086 719.1818756427937 746.9925202246741 551.2958934844696 868.9295587597494 638.6918471559339 875.1472695184955
1011.2552138704898 792.0314758756632 10715.979322682575 10691.237289165112 10667.099388571407 10551.205636812727 10540.096974237049 10435.270880180093 10428.590371150509 728.679780561238 706.8199696964813 638.7327863206939 395.1913991198213 647.8412035129767 371.9494642263655 551.0789685183166 555.9196279450567 548.7551646147489 548.212875973121 158.55360705026644 834.8046802237374 181.28922790483233 77.14868969075276 232.22610602815598 27.46762887127465 0.0 640.610498482065 386.69737307834333 510.7937617504838 353.5754554424838 822.5721852822402 506.8425300906094 710.505857774655 738.9771248735796 528.2847612267926 863.5975715996688 620.9112030856662 857.1596294207098
1527.0919609740627 1253.1373597771085 10837.282188594821 10822.670747939652 10785.639556221717 10674.513553146515 10658.896573048181 10550.862731154288 10543.163468881707 1340.3151747528852 503.3641259099513 488.5530079280657 633.2983208353206 1267.380598430394 628.9563540667978 422.62462103934377 404.9011012687537 394.6785713607464 389.3138135010363 662.5240022393209 1475.3059578262175 521.1548194593323 667.0738676775452 443.31845544515676 632.6913759907648 640.610498482065 0.0 264.63350804508644 1099.137316315523 834.146386107858 330.3467190172174 921.0654701532635 415.06026671578775 412.9188130377448 709.4408696725415 425.907328651163 605.2678258781067 752.1157838449152
1338.9847283010597 1082.8933889137445 10840.629935676714 10821.767425409793 10790.121177785268 10676.953663703154 10663.215971884923 10556.475574177968 10549.198330858027 1106.6497362130938 559.8794191333883 513.4326017533443 500.08400933132174 1029.0894358906503 486.9991046649369 418.4788423048403 408.9400086326833 397.23607309962324 393.08897241536715 441.62059586409714 1217.4823660395618 306.69553790223375 425.5814323507678 235.22320476885437 383.1966429561198 386.69737307834333 264.63350804508644 0.0 834.9219871925422 576.270030288451 455.038303163249 676.9624515910792 404.340293305193 422.9702256762884 508.75131483435257 516.0571219219988 467.22227860351506 674.0139263132481
1058.8192781887758 966.3203521926514 10946.785295378606 10914.748634883506 10899.997290578438 10780.918551450344 10773.081722601277 10670.785431737106 10664.848124369339 635.244936662671 1214.2459126328934 1145.197336345507 862.3031400210344 554.1650269371486 839.7818718623611 1060.5199003726539 1066.1093343045827 1059.2138579573486 1058.788707240614 613.5556610125134 496.49430870881935 690.94777439274 539.6913079211956 741.0310957346467 532.9385092677225 510.7937617504838 1099.137316315523 834.9219871925422 0.0 296.30031595421934 1182.3125792459496 339.0295392826107 1005.8364083631527 1039.369048049447 604.1186447786048 1185.5392714335162 788.6768410163694 974.2258298290893
1205.6363263392866 1045.9776376348116 11023.67633103549 10996.12249922868 10975.580925624488 10858.450530811486 10848.584530861477 10744.690990670983 10738.28838371149 826.0220491706339 1036.7537793814574 971.8302011865426 748.6885513604996 738.1316072513505 725.4153354211644 878.0095320603826 879.0551902714699 870.0881595463301 868.415452817003 504.3110539680161 774.2081807152504 521.7288055879706 417.37052992146016 546.0961977957003 381.01263902759325 353.5754554424838 834.146386107858 576.270030288451 296.30031595421934 0.0 888.7563708302515 156.90024244802825 709.5678379030559 743.1136880936202 323.3911333026447 889.4404532008446 498.87419787823205 701.0178414849712
1793.625572849654 1533.6684373676678 11163.49764227863 11149.670615100456 11111.63584404477 11000.91430106192 10984.934246608898 10876.648689542868 10868.863653172446 1551.0675087173925 832.2042511077011 818.8773670831317 929.9244743194348 1470.341381438047 921.1929808342438 750.14571953935 733.0222948414121 722.3872248949039 717.039547990709 896.1539830345274 1623.2311841273422 761.523903862728 872.9336150710428 688.1970214415345 824.9235926046772 822.5721852822402 330.3467190172174 455.038303163249 1182.3125792459496 888.7563708302515 0.0 922.3147073036688 210.74405076324365 183.08612750948487 649.8600695107001 101.87525544925039 479.3225407982498 523.734378581978
1337.936789400792 1192.8709686024595 11175.831129669456 11147.66278121911 11127.905396744209 11010.513441706522 11000.914519107766 10897.221834893924 10890.877775717781 940.1750163837056 1172.6993967438834 1109.8054578323931 901.7524814335776 853.6979019152914 878.5791581958061 1014.0953388350249 1013.5197668411712 1003.9188045441184 1001.8039523224553 660.0002183688442 835.4191101248076 668.2250332683005 573.0588296292545 684.4268899714942 534.2980903444086 506.8425300906094 921.0654701532635 676.9624515910792 339.0295392826107 156.90024244802825 922.3147073036688 0.0 725.2080791609051 758.4821919099056 287.42220663024597 905.545728239108 477.96677761763016 640.8002808988149
1714.40563803204 1472.3686583776635 11225.76084649461 11208.792858980989 11174.726397128987 11062.485167021932 11047.886680703261 10940.535368218822 10933.058997381957 1431.7729164881187 899.8992361459427 870.8237292966819 904.3769679511402 1347.436953883691 890.9448970747062 786.6361720745174 772.5264189936872 760.8789353621115 755.8603015320359 814.3914066897609 1467.2196390359659 694.7049591395535 772.8774140576876 632.0501480582844 719.1818756427937 710.505857774655 415.06026671578775 404.340293305193 1005.8364083631527 709.5678379030559 210.74405076324365 725.2080791609051 0.0 33.624904056966884 445.3224854869221 180.97918235103563 269.013098090872 342.2378311646007
1740.6001775427158 1496.3307422978671 11234.09592052496 11217.631986871778 11182.926751461602 11070.928176803625 11056.10652803226 10948.601602036268 10941.07502932114 1461.8219286494034 904.4618677512339 877.7798537774383 922.7998258888542 1377.7579703504562 909.9622015009751 795.6229229623855 780.9827337328849 769.4323767766083 764.3374629558468 839.7238138919788 1500.0052355546493 717.7972027600352 800.2016156554183 653.4553092580556 746.9925202246741 738.9771248735796 412.9188130377448 422.9702256762884 1039.369048049447 743.1136880936202 183.08612750948487 758.4821919099056 33.624904056966884 0.0 477.87113822985094 147.41387701233728 299.34973458944484 354.8523445666538
1498.45358451041 1308.4432335370493 11240.798170827176 11216.944555030279 11191.64543466561 11076.187365689702 11064.64886252972 10959.485580639019 10952.699436261657 1140.6667326476831 1060.3009539428442 1006.7673820509526 881.5445086415386 1052.6233120367465 860.5170348526576 908.9586122197215 903.1070344225324 891.9731571419238 888.5748281467642 682.6699915374046 1094.389009106489 630.1507136940655 605.4253864682664 612.4577177897678 551.2958934844696 528.2847612267926 709.4408696725415 508.75131483435257 604.1186447786048 323.3911333026447 649.8600695107001 287.42220663024597 445.3224854869221 477.87113822985094 0.0 623.4880146659581 190.54526478530127 377.7827350001589
1852.3537304910717 1598.9455109791097 11262.282799508223 11248.056691034606 11210.521500831206 11099.610505483159 11083.800844440324 10975.626367503733 10967.878106036016 1591.0193234387693 929.1760077524162 913.1032058552911 1005.3036898045104 1508.281778402738 995.0348002723753 840.8794614554081 824.2977876522525 813.3760406137179 808.0636039704599 951.0765450916417 1641.9051981155164 821.3524881950475 919.8482484714774 751.2780485386529 868.9295587597494 863.5975715996688 425.907328651163 516.0571219219988 1185.5392714335162 889.4404532008446 101.87525544925039 905.545728239108 180.97918235103563 147.41387701233728 623.4880146659581 0.0 440.5590795291333 444.2274540503983
1624.7519408767353 1412.8875236834144 11288.337586760632 11267.320513291832 11238.396894760963 11124.246828078123 11111.44057887224 11005.350059158376 10998.276377566881 1292.1870859558705 1024.8291374000848 980.4965053985497 919.493694494992 1204.7363834307205 901.040825571011 885.673422408339 876.0963658450589 864.3691820564229 860.161681650752 760.3670252492669 1273.0370918146118 675.443439124846 695.4523102331673 636.48589207354 638.6918471559339 620.9112030856662 605.2678258781067 467.22227860351506 788.6768410163694 498.87419787823205 479.3225407982498 477.96677761763016 269.013098090872 299.34973458944484 190.54526478530127 440.5590795291333 0.0 236.48918264094004
1858.0926127166258 1649.1890251679974 11511.999238268254 11492.127108189232 11461.736497664255 11348.134483253183 11334.807170248467 11228.337753019763 11221.143449961928 1515.0260962874872 1216.421866016664 1179.007963600997 1148.0305369508294 1427.118326816165 1130.4393089485384 1087.886780987305 1076.2654434561114 1064.4378244487982 1059.8283459546128 996.5650266023381 1468.5452286401403 907.9003514078069 931.8957839887726 864.30521097356 875.1472695184955 857.1596294207098 752.1157838449152 674.0139263132481 974.2258298290893 701.0178414849712 523.734378581978 640.8002808988149 342.2378311646007 354.8523445666538 377.7827350001589 444.2274540503983 236.48918264094004 0.0
END_NODES_DIST_SECTION