# United Kingdom 12
# les lignes qui commencent par un # sont à ignorer

# ligne détaillant le nombre de noeuds
NB_NODES=12
TSP_VERSION=0

#section détaillant la amtrice des distances jusqu'à une ligne contenant 'END_NODES_DIST_SECTION'
NODES_DIST_SECTION
0.0 383.45780996813596 284.04585536669435 430.5812480291264 256.3613782440686 171.42145930975968 358.4867064888079 365.4029983246956 509.9345788665246 157.5183165658705 324.83105187636716 497.1179088297318
383.45780996813596 0.0 498.4419959845604 273.7652070025301 399.389165805445 217.21875508838644 172.83296493056466 377.5788068467452 170.98579519609027 292.9259082294128 132.79151909477696 476.95096478584463
284.04585536669435 498.4419959845604 0.0 363.0109812768203 102.94528997331544 370.0439437083115 368.1245793319974 209.93803152825834 541.238660052624 221.43537521127917 376.3307930961271 294.4796199501079
430.5812480291264 273.7652070025301 363.0109812768203 0.0 267.2918387631953 344.3163513039135 109.76284038781066 163.17793735673948 208.97787106772816 274.33926453389785 164.14699183963134 213.37985989310238
256.3613782440686 399.389165805445 102.94528997331544 267.2918387631953 0.0 295.30186582520946 265.2068345756006 131.4797813392234 438.6402593075674 142.7741315260226 274.50012657849544 249.00006827109507
171.42145930975968 217.21875508838644 370.0439437083115 344.3163513039135 295.30186582520946 0.0 245.013870551118 349.6185008560617 362.80925151054237 152.727032832567 196.0774318437489 480.97448911562867
358.4867064888079 172.83296493056466 368.1245793319974 109.76284038781066 265.2068345756006 245.013870551118 0.0 210.7298864660635 174.8004193644855 214.152445760024 54.64189784405371 304.1621044278856
365.4029983246956 377.5788068467452 209.93803152825834 163.17793735673948 131.4797813392234 349.6185008560617 210.7298864660635 0.0 364.1090106932263 218.24717896229495 245.04876504483755 134.3706644472669
509.9345788665246 170.98579519609027 541.238660052624 208.97787106772816 438.6402593075674 362.80925151054237 174.8004193644855 364.1090106932263 0.0 381.0522112952502 187.82352602908935 418.7626586265781
157.5183165658705 292.9259082294128 221.43537521127917 274.33926453389785 142.7741315260226 152.727032832567 214.152445760024 218.24717896229495 381.0522112952502 0.0 194.13772617654715 352.57136271824464
324.83105187636716 132.79151909477696 376.3307930961271 164.14699183963134 274.50012657849544 196.0774318437489 54.64189784405371 245.04876504483755 187.82352602908935 194.13772617654715 0.0 350.4814239442656
497.1179088297318 476.95096478584463 294.4796199501079 213.37985989310238 249.00006827109507 480.97448911562867 304.1621044278856 134.3706644472669 418.7626586265781 352.57136271824464 350.4814239442656 0.0

END_NODES_DIST_SECTION